840
374
17
550
743
818
461
34
211
967
962
864
708
413
810
246
956
457
628
630
584
129
685
823
621
788
965
15
316
106
962
668
582
236
758
972
285
642
852
530
44
523
838
23
88
50
108
778
44
425
829
665
762
917
698
639
56
831
784
524
122
341
70
446
363
281
206
957
37
852
925
424
762
951
882
592
309
38
884
581
500
77
293
111
733
692
698
40
557
395
490
194
764
18
339
234
273
527
908
686
586
833
490
282
464
834
500
424
13
50
243
592
721
12
333
437
10
556
455
180
578
234
158
967
234
536
630
280
737
186
402
294
390
96
669
877
168
951
95
536
787
75
748
147
939
122
154
527
756
65
195
366
796
938
83
173
241
611
1
514
479
476
443
456
241
28
395
671
991
348
620
978
614
164
921
279
989
844
576
544
875
917
826
520
224
607
607
26
166
515
601
15
93
573
22
62
347
864
478
505
127
77
502
530
222
738
401
892
774
354
660
113
821
764
397
926
607
546
233
334
919
41
337
647
147
304
971
854
943
418
388
107
877
901
273
389
544
792
260
983
180
94
680
496
672
669
764
300
484
885
318
598
212
813
229
907
267
385
330
585
402
950
656
197
925
304
95
699
71
30
348
263
658
789
496
431
60
951
595
623
170
783
540
306
394
537
182
453
529
325
377
411
324
160
68
327
949
327
8
269
522
653
549
495
391
959
69
207
310
0
632
875
612
161
504
406
40
587
323
743
679
941
401
928
881
790
594
905
90
140
429
606
436
744
557
236
17
8
409
541
866
732
387
346
181
609
282
82
538
277
650
351
975
167
172
354
955
474
501
540
590
372
526
13
764
920
15
352
541
847
859
125
395
455
620
910
396
250
847
4
995
108
22
440
743
888
420
870
54
964
921
650
717
331
149
856
244
852
614
368
102
831
439
111
267
337
941
530
478
772
161
594
925
693
790
183
0
343
605
639
768
347
627
880
468
389
344
461
646
568
340
243
745
946
822
149
83
970
904
359
425
421
772
513
402
571
468
9
792
818
238
58
872
127
854
965
882
864
519
239
869
755
730
297
541
609
963
347
298
336
178
132
69
748
242
904
235
15
27
606
895
900
551
763
872
316
836
857
747
910
207
517
708
554
587
27
645
48
629
748
407
998
740
936
7
245
669
339
258
107
652
658
139
663
116
504
161
892
733
406
255
814
840
462
344
635
638
627
468
143
132
183
482
357
378
586
889
106
670
669
721
409
519
50
543
129
559
603
915
342
890
338
358
482
435
225
204
631
419
949
333
147
800
713
792
301
489
653
546
909
15
854
115
611
806
992
764
146
438
612
221
24
239
322
92
926
957
526
681
256
572
204
170
353
940
60
445
755
362
447
813
794
885
985
660
765
833
368
101
394
219
379
987
922
332
990
620
512
917
284
686
570
213
309
736
51
750
126
508
351
189
22
952
721
689
198
499
985
374
201
20
877
294
329
767
268
729
473
305
233
959
822
209
439
296
551
626
257
442
390
281
380
646
184
646
203
436
690
294
196
223
793
735
10
530
934
736
108
854
836
322
362
254
957
373
934
312
454
653
11
302
311
465
252
181
531
760
568
117
886
499
593
22
501
604
137
808
547
690
481
337
652
736
62
623
850
287
394
6
172
715
164
174
484
899
827
180
848
786
775
427
184
571
526
39
201
901
119
804
476
503
283
810
555
96
276
997
812
167
31
81
189
482
768
824
235
322
801
326
54
452
850
810
591
639
628
14
162
176
133
67
640
178
169
207
822
148
55
309
812
19
431
617
987
799
860
516
150
80
453
118
909
12
722
833
31
215
942
404
921
677
694
347
595
862
351
176
77
570
866
671
730
930
273
248
399
514
923
353
593
873
971
803
533
530
120
74
840
434
707
353
279
421
51
797
441
757
362
113
825
747
529
510
51
291
557
147
462
852
949
107
225
16
663
209
804
896
883
656
169
115
722
452
415
258
710
140
393
479
45
201
175
236
562
434
961
615
37
341
531
770
638
348
116
148
842
811
533
370
236
887
163
706
889
247
673
765
408
981
260
765
10
887
127
444
164
781
323
457
720
84
190
485
171
939
702
543
206
517
89
548
655
768
959
349
862
961
104
924
818
271
366
550
813
152
382
140
495
517
92
524
134
866
484
420
27
133
195
37
169
465
125
959
775
731
397
535
351
669
18
627
728
422
897
881
898
831
285
752
5
805
247
635
228
539
960
166
707
817
54
349
316
192
389
852
353
119
263
945
685
907
953
747
433
165
582
886
889
710
22